0050432
0050433
0050434
0050435
0050436
0050437
0050438
0050439
0050440
0050441
0050442
0050443
0050444
0050445
0050446
0050447
0050448
0050449
0050450
0050451
0050452
0050453
0050454
0050455
0050456
0050457
0050458
0050459
0050460
0050461
0050462
0050463
0050464
0050465
0050466
0050467
0050468
0050469
0050470
0050471
0050472
0050473
0050474
0050475
0050476
0050477
0050478
0050479
0050480
0050481
0050482
0050483
0050484
0050485
0050486
0050487
0050488
0050489
0050490
0050491
0050492
0050493
0050494
0050495
0050496
0050497
0050498
0050499
0050500
0050501
0050502
0050503
0050504
0050505
0050506
0050507
0050508
0050509
0050510
0050511
0050512
0050513
0050514
0050515
0050516
0050517
0050518
0050519
0050520
0050521
0050522
0050523
0050524
0050525
0050526
0050527
0050528
0050529
0050530
0050531
0050532